Unsorted: 
0.7947
0.0684
0.4827
0.5365
0.4267
0.6004
0.2501
0.3327
0.9815
0.7669
0.3085
0.2600
0.2962
0.5467
0.1450
0.7837
0.0222
0.2468
0.5585
0.8783
0.5970
0.8606
0.7575
0.4376
0.3328
0.5058
0.6664
0.0757
0.1282
0.6546
0.9532
0.3591
0.8638
0.1266
0.5550
0.5946
0.7599
0.9746
0.8969
0.7848
0.8491
0.4602
0.5727
0.2623
0.2394
0.2909
0.9913
0.8100
0.0340
0.1699
0.3759
0.7885
0.6112
0.4965
0.5513
0.9020

Sorted: 
0.0222
0.0340
0.0684
0.0757
0.1266
0.1282
0.1450
0.1699
0.2394
0.2468
0.2501
0.2600
0.2623
0.2909
0.2962
0.3085
0.3327
0.3328
0.3591
0.3759
0.4267
0.4376
0.4602
0.4827
0.4965
0.5058
0.5365
0.5467
0.5513
0.5550
0.5585
0.5727
0.5946
0.5970
0.6004
0.6112
0.6546
0.6664
0.7575
0.7599
0.7669
0.7837
0.7848
0.7885
0.7947
0.8100
0.8491
0.8606
0.8638
0.8783
0.8969
0.9020
0.9532
0.9746
0.9815
0.9913
