Unsorted: 
7.8542
3.6403
4.7344
8.8917
4.2438
9.4550
8.1439
8.4547
2.0989
7.0416
9.8188
9.1777
7.3162
9.4582
4.5427
9.5784
7.1891
2.4971
4.3113
9.9975
3.1774
3.5431
8.9560
3.4932
9.3483
6.4685
8.8721
2.6248
8.2618
6.6314
7.4729
6.1962
4.3354
7.1149
9.3774
4.2258
5.2288
6.6636
8.9695
5.8526
2.5478
5.3455
8.8507
5.5872
6.1749

Sorted: 
2.0989
2.4971
2.5478
2.6248
3.1774
3.4932
3.5431
3.6403
4.2258
4.2438
4.3113
4.3354
4.5427
4.7344
5.2288
5.3455
5.5872
5.8526
6.1749
6.1962
6.4685
6.6314
6.6636
7.0416
7.1149
7.1891
7.3162
7.4729
7.8542
8.1439
8.2618
8.4547
8.8507
8.8721
8.8917
8.9560
8.9695
9.1777
9.3483
9.3774
9.4550
9.4582
9.5784
9.8188
9.9975
